0 0 0 0 0 0 0 0 0 0 0 0 0 0 0 0 0 0 0 0 0 0 0 0 0 0 0 0 0 0 0 0 0 0 0 0 0 0 1 0 0 0 0 0 0 0 0 0 0 0 0 0 0 0 0 0 0 0 0 0 0 0 0 0 0 0 0 0 0 0 
35 17
41 2
42 2
43 2
44 2
45 2
2 3
3 3
4 3
5 3
6 3
58 4
59 4
60 4
61 4
62 4
40 5
41 5
42 5
43 5
44 5
5 6
6 6
7 6
8 6
9 6
59 7
60 7
61 7
62 7
63 7
32 8
33 8
34 8
35 8
36 8
39 9
40 9
41 9
42 9
43 9
9 10
10 10
11 10
12 10
13 10
37 11
38 11
39 11
40 11
41 11
38 12
39 12
40 12
41 12
42 12
39 13
40 13
41 13
42 13
43 13
31 14
32 14
33 14
34 14
35 14
64 15
65 15
66 15
67 15
68 15
28 16
29 16
30 16
31 16
32 16
3 17
4 17
5 17
6 17
7 17
12 18
13 18
14 18
15 18
16 18
