0 0 0 0 0 0 0 0 0 0 0 0 0 0 0 0 0 0 0 0 0 0 0 0 0 0 0 0 0 0 0 0 0 0 0 0 0 0 0 0 0 0 0 0 0 0 0 0 0 0 0 0 0 0 0 0 0 0 0 0 0 0 0 0 0 0 0 0 0 0 
36 19
53 2
54 2
55 2
56 2
57 2
50 3
51 3
52 3
53 3
54 3
1 4
2 4
3 4
4 4
5 4
19 5
20 5
21 5
22 5
23 5
17 6
18 6
19 6
20 6
21 6
38 7
39 7
40 7
41 7
42 7
44 8
45 8
46 8
47 8
48 8
18 9
19 9
20 9
21 9
22 9
21 10
22 10
23 10
24 10
25 10
16 11
17 11
18 11
19 11
20 11
50 12
51 12
52 12
53 12
54 12
18 13
19 13
20 13
21 13
22 13
43 14
44 14
45 14
46 14
47 14
43 15
44 15
45 15
46 15
47 15
40 16
41 16
42 16
43 16
44 16
51 17
52 17
53 17
54 17
55 17
24 18
25 18
26 18
27 18
28 18
