0 0 0 0 0 0 0 0 0 0 0 0 0 0 0 0 0 0 0 0 0 0 0 0 0 0 0 0 0 0 0 0 0 0 0 1 0 0 1 0 0 0 0 0 0 0 0 0 0 0 0 0 0 0 0 0 0 0 0 0 0 0 0 0 0 0 0 0 0 0 
35 11
11 2
12 2
13 2
14 2
15 2
14 3
15 3
16 3
17 3
18 3
28 4
29 4
30 4
31 4
32 4
52 5
53 5
54 5
55 5
56 5
44 6
45 6
46 6
47 6
48 6
2 7
3 7
4 7
5 7
6 7
2 8
3 8
4 8
5 8
6 8
51 9
52 9
53 9
54 9
55 9
48 10
49 10
50 10
51 10
52 10
49 11
50 11
51 11
52 11
53 11
8 12
9 12
10 12
11 12
12 12
51 13
52 13
53 13
54 13
55 13
1 14
2 14
3 14
4 14
5 14
7 15
8 15
9 15
10 15
11 15
67 16
68 16
69 16
1 16
2 16
15 17
16 17
17 17
18 17
19 17
51 18
52 18
53 18
54 18
55 18
